This is the Lattice:
       1     -0.5        0
       0 0.866025        0
       0        0        2
This Group is Closed: 1
Point Group has 24Symmetry Operations
Symmetry Op 1 is a Rotation
     -0.5 -0.866025         0
-0.866025       0.5         0
        0         0        -1
Symmetry Op 2 is a Mirror
     -0.5 -0.866025         0
-0.866025       0.5         0
        0         0         1
Symmetry Op 3 is a Improper rotation
     -0.5  0.866025         0
-0.866025      -0.5         0
        0         0        -1
Symmetry Op 4 is a Rotation
     -0.5  0.866025         0
-0.866025      -0.5         0
        0         0         1
Symmetry Op 5 is a Inversion
-1  0  0
 0 -1  0
 0  0 -1
Symmetry Op 6 is a Rotation
-1  0  0
 0 -1  0
 0  0  1
Symmetry Op 7 is a Rotation
-1  0  0
 0  1  0
 0  0 -1
Symmetry Op 8 is a Mirror
-1  0  0
 0  1  0
 0  0  1
Symmetry Op 9 is a Rotation
      0.5 -0.866025         0
-0.866025      -0.5         0
        0         0        -1
Symmetry Op 10 is a Mirror
      0.5 -0.866025         0
-0.866025      -0.5         0
        0         0         1
Symmetry Op 11 is a Improper rotation
      0.5  0.866025         0
-0.866025       0.5         0
        0         0        -1
Symmetry Op 12 is a Rotation
      0.5  0.866025         0
-0.866025       0.5         0
        0         0         1
Symmetry Op 13 is a Improper rotation
     -0.5 -0.866025         0
 0.866025      -0.5         0
        0         0        -1
Symmetry Op 14 is a Rotation
     -0.5 -0.866025         0
 0.866025      -0.5         0
        0         0         1
Symmetry Op 15 is a Rotation
    -0.5 0.866025        0
0.866025      0.5        0
       0        0       -1
Symmetry Op 16 is a Mirror
    -0.5 0.866025        0
0.866025      0.5        0
       0        0        1
Symmetry Op 17 is a Rotation
 1  0  0
 0 -1  0
 0  0 -1
Symmetry Op 18 is a Mirror
 1  0  0
 0 -1  0
 0  0  1
Symmetry Op 19 is a Mirror
 1  0  0
 0  1  0
 0  0 -1
Symmetry Op 20 is a Identity
1 0 0
0 1 0
0 0 1
Symmetry Op 21 is a Improper rotation
      0.5 -0.866025         0
 0.866025       0.5         0
        0         0        -1
Symmetry Op 22 is a Rotation
      0.5 -0.866025         0
 0.866025       0.5         0
        0         0         1
Symmetry Op 23 is a Rotation
     0.5 0.866025        0
0.866025     -0.5        0
       0        0       -1
Symmetry Op 24 is a Mirror
     0.5 0.866025        0
0.866025     -0.5        0
       0        0        1
